0.0126582278481
0.196721311475
0.0493827160494
0.225806451613
0.113924050633
0.134831460674
0.0697674418605
0.05
0.0574712643678
0.0674157303371
0.16
0.0821917808219
0.32
0.0842105263158
0.307692307692
0.0833333333333
0.15625
0.0744680851064
0.120689655172
0.0333333333333
0.0243902439024
0.0416666666667
0.10447761194
0.0315789473684
0.19387755102
0.0428571428571
0.12676056338
0.0263157894737
0.13698630137
0.159090909091
0.238636363636
0.185714285714
0.122222222222
0.0602409638554
0.2
0.125
0.111111111111
0.25641025641
0.156626506024
0.118644067797
0.242857142857
0.15306122449
0.0512820512821
0.0571428571429
0.166666666667
0.0428571428571
0.144927536232
0.171052631579
0.317073170732
0.236111111111
0.037037037037
0.168831168831
0.225806451613
0.0309278350515
0.130841121495
0.113924050633
0.0659340659341
0.113402061856
0.0515463917526
0.12
0.12037037037
0.20652173913
0.0898876404494
0.0454545454545
0.0631578947368
0.0561797752809
0.125
0.168831168831
0.16
0.0222222222222
0.015625
0.2
0.216216216216
0.0491803278689
0.154929577465
0.0659340659341
0.177777777778
0.093023255814
0.144927536232
0.0487804878049
0.351351351351
0.027027027027
0.3125
0.288461538462
0.139534883721
0.145454545455
0.512820512821
0.00990099009901
0.0512820512821
0.276595744681
0.136363636364
0.046511627907
0.0338983050847
0.711111111111
0.224489795918
0.170731707317
0.25641025641
0.202898550725
0.370967741935
0.0806451612903
0.0208333333333
0.223880597015
0.0344827586207
0.0843373493976
0.216666666667
0.142857142857
0.0806451612903
0.276923076923
0.0441176470588
0.194029850746
0.0175438596491
0.0149253731343
0.156862745098
0.027397260274
0.132530120482
0.333333333333
0.111111111111
0.0724637681159
0.0555555555556
0.0294117647059
0.285714285714
0.0151515151515
0.2625
0.25
0.06
0.0204081632653
0.3125
0.05
0.044776119403
0.138461538462
0.181818181818
0.0508474576271
0.0
0.0579710144928
0.22619047619
0.272727272727
0.413043478261
0.0434782608696
0.333333333333
0.245283018868
0.433333333333
0.285714285714
0.276595744681
0.0888888888889
0.333333333333
0.0454545454545
0.392857142857
0.0752688172043
0.0235294117647
0.126315789474
0.25641025641
0.34375
0.0746268656716
0.0655737704918
0.0537634408602
0.239436619718
0.041095890411
0.0645161290323
0.271186440678
0.047619047619
0.0602409638554
0.0566037735849
0.0727272727273
0.121212121212
0.0178571428571
0.0531914893617
0.0657894736842
0.348837209302
0.265625
0.328571428571
0.046875
0.238805970149
0.252747252747
0.0945945945946
0.0338983050847
0.474576271186
0.191489361702
0.025974025974
0.0263157894737
0.0806451612903
0.0810810810811
0.253968253968
0.0540540540541
0.027027027027
0.131578947368
0.0289855072464
0.0704225352113
0.311111111111
0.0555555555556
0.0806451612903
0.333333333333
0.277777777778
0.274193548387
0.162790697674
0.0813953488372
0.341463414634
0.0212765957447
0.0862068965517
0.146341463415
0.243902439024
0.2
0.206896551724
0.0689655172414
0.109090909091
0.181818181818
0.0824742268041
0.213114754098
0.0294117647059
0.0133333333333
0.12
0.232558139535
0.0597014925373
0.119402985075
0.0519480519481
0.0192307692308
0.0909090909091
0.277777777778
0.228070175439
0.31746031746
0.0746268656716
0.342105263158
0.152777777778
0.0824742268041
0.06
0.0138888888889
0.466666666667
0.15306122449
0.208955223881
0.423728813559
0.164556962025
0.347826086957
0.339285714286
0.295454545455
0.0882352941176
0.0379746835443
0.0666666666667
0.65
0.093023255814
0.0444444444444
0.0480769230769
0.25
0.0425531914894
0.204545454545
0.0793650793651
0.0776699029126
0.34
0.333333333333
0.0545454545455
0.282051282051
0.0373831775701
0.0555555555556
0.08
0.0512820512821
0.0526315789474
0.0408163265306
0.195652173913
0.0
0.214285714286
0.0
0.193181818182
0.0961538461538
0.108108108108
0.137931034483
0.0555555555556
0.09375
0.0
0.025
0.0588235294118
0.0
0.0357142857143
0.027027027027
0.075
0.147058823529
0.177419354839
0.116279069767
0.183333333333
0.0810810810811
0.118644067797
0.4
0.0681818181818
0.08
0.0731707317073
0.0
0.0243902439024
0.141025641026
0.111111111111
0.0384615384615
0.0789473684211
0.08
0.06
0.0980392156863
0.216216216216
0.0212765957447
0.1
0.05
0.162162162162
0.02
0.027027027027
0.0588235294118
0.131578947368
0.0789473684211
0.0545454545455
0.133333333333
0.047619047619
0.126984126984
0.16
0.126984126984
0.135593220339
0.0985915492958
0.0909090909091
0.263157894737
0.0428571428571
0.119565217391
0.0612244897959
0.0909090909091
0.0384615384615
0.037037037037
0.0444444444444
0.047619047619
0.173076923077
0.127272727273
0.0721649484536
0.0555555555556
0.05
0.0566037735849
0.0
0.10989010989
0.0731707317073
0.0526315789474
0.324324324324
0.0204081632653
0.145833333333
0.0322580645161
0.0735294117647
0.0461538461538
0.0555555555556
0.0
0.160714285714
0.0652173913043
0.0526315789474
0.0882352941176
0.0357142857143
0.0
0.0384615384615
0.0
0.0897435897436
0.2
0.0645161290323
0.0175438596491
0.194029850746
0.0652173913043
0.0909090909091
0.0689655172414
0.241379310345
0.0588235294118
0.0185185185185
0.203389830508
0.0
0.0588235294118
0.0338983050847
0.047619047619
0.0344827586207
0.0444444444444
0.054347826087
0.0322580645161
0.0704225352113
0.0655737704918
0.025
0.0149253731343
0.0172413793103
0.0338983050847
0.102941176471
0.0375
0.0132450331126
0.0
0.00735294117647
0.0210526315789
0.030612244898
0.0
0.0634920634921
0.0444444444444
0.0508474576271
0.047619047619
0.0
0.078431372549
0.0309278350515
0.0340909090909
0.0405405405405
0.0348837209302
0.0298507462687
0.0460526315789
0.102040816327
0.0285714285714
0.0240963855422
0.025974025974
0.021978021978
0.0555555555556
0.041095890411
0.0454545454545
0.08
0.0232558139535
0.0196078431373
0.120689655172
0.0649350649351
0.0379746835443
0.0660377358491
0.0161290322581
0.2
0.242424242424
0.0970873786408
0.0508474576271
0.225
0.0491803278689
0.0652173913043
0.125
0.169811320755
0.0338983050847
0.0470588235294
0.173913043478
0.046511627907
0.190476190476
0.0425531914894
0.0377358490566
0.0535714285714
0.0526315789474
0.117647058824
0.0227272727273
0.0786516853933
0.120689655172
0.135135135135
0.152777777778
0.0967741935484
0.0408163265306
0.0963855421687
0.136363636364
0.137254901961
0.0619469026549
0.173913043478
0.0909090909091
0.02
0.0793650793651
0.0204081632653
0.0714285714286
0.075
0.130081300813
0.133333333333
0.0789473684211
0.190476190476
0.196721311475
0.05
0.0634920634921
0.0989010989011
0.202702702703
0.0185185185185
0.0625
0.0
0.133333333333
0.0983606557377
0.0833333333333
0.0519480519481
0.0
0.131578947368
0.2
0.141176470588
0.0483870967742
0.0285714285714
0.031746031746
0.127272727273
0.0133333333333
0.046511627907
0.282608695652
0.0865384615385
0.0344827586207
0.177777777778
0.24
0.0281690140845
0.0762711864407
0.0
0.047619047619
0.0
0.125
0.0314465408805
0.116071428571
0.0408163265306
0.0425531914894
0.16
0.141025641026
0.142857142857
0.166666666667
0.0375
0.190476190476
0.105263157895
0.0792079207921
0.0933333333333
0.204081632653
0.089552238806
0.0625
0.0714285714286
0.06
0.259259259259
