0.94076655052
0.0
1.10204081632
0.0
1.71428571428
0.350649350649
1.65306122449
0.514285714285
0.350649350649
1.02857142857
1.71428571428
0.453781512605
1.10204081632
1.06403940887
1.54285714286
2.39408866995
0.0
0.385714285714
0.746543778801
0.907563025213
2.20408163265
0.385714285714
0.798029556649
0.0
2.96703296703
0.571428571428
0.308571428571
2.10389610389
0.0
1.10204081632
0.0
0.385714285714
1.13445378151
0.406015037594
0.308571428571
0.257142857142
2.16
1.92857142857
0.642857142856
0.335403726708
0.367346938775
0.625482625482
0.642857142856
0.428571428571
0.497695852534
1.28571428572
0.514285714285
1.28571428572
0.0
1.07142857143
0.857142857141
0.771428571428
0.0
1.28571428572
0.0
1.36134453781
0.551020408163
1.54285714286
0.308571428571
0.308571428571
0.428571428571
0.907563025213
0.551020408163
0.335403726708
0.564459930313
0.0
0.701298701298
0.0
1.18681318681
1.31707317073
1.92857142857
0.935064935063
0.335403726708
0.308571428571
0.0
0.0
0.0
0.0
0.0
0.0
0.0
0.453781512605
0.385714285714
0.771428571428
0.0
0.0
1.65306122449
2.57142857142
1.02857142857
0.385714285714
0.0
0.406015037594
0.812030075189
0.453781512605
0.0
0.0
0.551020408163
0.0
0.0
0.0
0.0
0.701298701298
0.0
0.0
0.771428571428
0.0
0.0
0.964285714285
0.0
0.642857142856
0.0
0.296703296703
0.0
0.335403726708
0.0
0.0
0.771428571428
0.0
0.670807453415
0.0
1.10204081632
0.0
0.0
1.44642857143
1.28571428572
0.0
0.551020408163
0.0
1.02857142857
0.0
1.02857142857
1.10204081632
0.0
0.0
0.0
0.0
0.0
0.0
0.0
0.907563025213
0.0
1.65306122449
0.593406593406
0.0
0.275510204081
0.453781512605
0.453781512605
0.771428571428
1.92857142857
0.0
0.0
1.54285714286
1.36134453781
0.0
0.0
1.02857142857
0.771428571428
0.0
0.0
0.0
0.964285714285
0.0
0.428571428571
0.0
0.0
0.0
0.453781512605
0.406015037594
0.406015037594
0.642857142856
0.925714285713
0.857142857141
0.0
0.0
1.54285714286
0.0
0.0
0.0
0.350649350649
0.0
0.0
0.0
0.0
0.0
0.0
0.0
0.428571428571
0.0
1.15714285714
0.964285714285
0.0
0.0
0.0
1.44642857143
2.01242236024
0.0
1.28571428572
0.0
0.0
1.40259740259
0.482142857142
0.0
2.03007518797
0.0
0.0
1.18681318681
0.0
0.964285714285
0.0
0.551020408163
0.0
2.10389610389
0.0
0.0
0.964285714285
0.367346938775
0.428571428571
0.0
0.0
0.964285714285
1.92857142857
1.02857142857
0.482142857142
1.18681318681
2.10389610389
0.0
1.40259740259
0.964285714285
2.80519480519
0.453781512605
0.0
0.0
0.0
0.367346938775
0.482142857142
1.78021978022
0.428571428571
0.406015037594
0.0
1.54285714286
0.532019704433
0.335403726708
0.514285714285
0.0
1.04247104247
1.23428571428
0.0
0.308571428571
0.551020408163
0.406015037594
1.92857142857
0.0
0.335403726708
0.385714285714
0.497695852534
0.420779220779
0.551020408163
0.0
0.0
0.0
0.0
0.0
0.428571428571
1.06403940887
0.416988416988
0.171428571428
0.0
0.467532467532
0.0
0.0
0.482142857142
0.0
1.85142857143
0.578571428571
1.54285714286
1.28571428572
0.642857142856
0.285714285714
0.0
1.65306122449
0.0
1.71428571428
1.10204081632
0.964285714285
0.0
0.257142857142
0.0
0.453781512605
0.0
0.0
0.0
0.0
1.28571428572
0.0
0.482142857142
0.0
0.118681318681
0.482142857142
0.285714285714
0.0
0.0
1.28571428572
0.0
0.0
0.514285714285
0.964285714285
1.20535714286
4.0
0.0
1.21804511278
0.0
0.0
0.406015037594
0.0
0.406015037594
0.0
2.01242236024
1.18681318681
0.826530612245
0.771428571428
0.482142857142
0.367346938775
0.0
0.296703296703
0.918367346941
0.0
1.71428571428
0.593406593406
0.0
0.164133738602
0.0
0.0
0.0
0.482142857142
0.0
1.71428571428
0.0
0.701298701298
1.28571428572
0.0
0.771428571428
0.0
0.208494208494
0.428571428571
1.54285714286
0.0
0.453781512605
0.642857142856
0.335403726708
0.0
0.593406593406
0.0
0.335403726708
0.0
1.83673469387
0.0
0.571428571428
0.406015037594
1.10204081632
0.0
0.220408163265
0.257142857142
1.40259740259
0.497695852534
0.350649350649
0.367346938775
0.857142857141
0.0
1.32244897959
0.551020408163
0.701298701298
0.73469387755
2.16964285714
0.482142857142
1.22727272727
0.151260504202
1.00621118013
0.11513859275
0.367346938775
0.350649350649
1.58823529411
0.0
0.0
0.0
0.350649350649
0.857142857141
0.0
0.0
0.0
0.0
0.701298701298
0.925714285713
0.0
0.0
0.321428571429
1.92857142857
0.0
0.321428571429
0.266009852217
1.18681318681
1.28571428572
1.54285714286
0.0
1.28571428572
0.296703296703
0.514285714285
0.964285714285
0.0
1.36134453781
0.266009852217
0.0
0.617142857142
0.73469387755
0.771428571428
0.266009852217
0.0
0.248847926267
1.78021978022
0.0
0.0
0.0
0.453781512605
0.0
1.28571428572
0.964285714285
0.275510204081
0.723214285714
0.453781512605
0.257142857142
0.0
0.376306620209
0.0
0.179401993355
0.285714285714
1.02857142857
0.154285714286
0.0
0.0
0.0
1.05194805195
0.551020408163
0.0
0.0
2.10389610389
1.18681318681
0.0
0.350649350649
0.0
0.701298701298
0.350649350649
1.10204081632
0.266009852217
0.812030075189
0.551020408163
0.367346938775
0.0
0.593406593406
0.642857142856
0.0
0.812030075189
0.812030075189
0.0
0.0
0.0
0.296703296703
0.0
0.0
0.0
1.62406015037
0.257142857142
0.551020408163
0.0
0.0
0.0
0.0
1.71428571428
0.385714285714
0.248847926267
0.907563025213
0.771428571428
0.925714285713
0.214285714286
0.593406593406
0.0
1.15714285714
0.321428571429
0.0
0.0
1.16883116883
0.285714285714
0.367346938775
0.335403726708
1.34161490683
0.0
0.0
0.73469387755
0.367346938775
0.551020408163
0.0
0.564459930313
