0.121951219512
0.0
0.142857142857
0.0
0.222222222222
0.0454545454545
0.214285714286
0.0666666666667
0.0454545454545
0.133333333333
0.222222222222
0.0588235294118
0.142857142857
0.137931034483
0.2
0.310344827586
0.0
0.05
0.0967741935484
0.117647058824
0.285714285714
0.05
0.103448275862
0.0
0.384615384615
0.0740740740741
0.04
0.272727272727
0.0
0.142857142857
0.0
0.05
0.147058823529
0.0526315789474
0.04
0.0333333333333
0.28
0.25
0.0833333333333
0.0434782608696
0.047619047619
0.0810810810811
0.0833333333333
0.0555555555556
0.0645161290323
0.166666666667
0.0666666666667
0.166666666667
0.0
0.138888888889
0.111111111111
0.1
0.0
0.166666666667
0.0
0.176470588235
0.0714285714286
0.2
0.04
0.04
0.0555555555556
0.117647058824
0.0714285714286
0.0434782608696
0.0731707317073
0.0
0.0909090909091
0.0
0.153846153846
0.170731707317
0.25
0.121212121212
0.0434782608696
0.04
0.0
0.0
0.0
0.0
0.0
0.0
0.0
0.0588235294118
0.05
0.1
0.0
0.0
0.214285714286
0.333333333333
0.133333333333
0.05
0.0
0.0526315789474
0.105263157895
0.0588235294118
0.0
0.0
0.0714285714286
0.0
0.0
0.0
0.0
0.0909090909091
0.0
0.0
0.1
0.0
0.0
0.125
0.0
0.0833333333333
0.0
0.0384615384615
0.0
0.0434782608696
0.0
0.0
0.1
0.0
0.0869565217391
0.0
0.142857142857
0.0
0.0
0.1875
0.166666666667
0.0
0.0714285714286
0.0
0.133333333333
0.0
0.133333333333
0.142857142857
0.0
0.0
0.0
0.0
0.0
0.0
0.0
0.117647058824
0.0
0.214285714286
0.0769230769231
0.0
0.0357142857143
0.0588235294118
0.0588235294118
0.1
0.25
0.0
0.0
0.2
0.176470588235
0.0
0.0
0.133333333333
0.1
0.0
0.0
0.0
0.125
0.0
0.0555555555556
0.0
0.0
0.0
0.0588235294118
0.0526315789474
0.0526315789474
0.0833333333333
0.12
0.111111111111
0.0
0.0
0.2
0.0
0.0
0.0
0.0454545454545
0.0
0.0
0.0
0.0
0.0
0.0
0.0
0.0555555555556
0.0
0.15
0.125
0.0
0.0
0.0
0.1875
0.260869565217
0.0
0.166666666667
0.0
0.0
0.181818181818
0.0625
0.0
0.263157894737
0.0
0.0
0.153846153846
0.0
0.125
0.0
0.0714285714286
0.0
0.272727272727
0.0
0.0
0.125
0.047619047619
0.0555555555556
0.0
0.0
0.125
0.25
0.133333333333
0.0625
0.153846153846
0.272727272727
0.0
0.181818181818
0.125
0.363636363636
0.0588235294118
0.0
0.0
0.0
0.047619047619
0.0625
0.230769230769
0.0555555555556
0.0526315789474
0.0
0.2
0.0689655172414
0.0434782608696
0.0666666666667
0.0
0.135135135135
0.16
0.0
0.04
0.0714285714286
0.0526315789474
0.25
0.0
0.0434782608696
0.05
0.0645161290323
0.0545454545455
0.0714285714286
0.0
0.0
0.0
0.0
0.0
0.0555555555556
0.137931034483
0.0540540540541
0.0222222222222
0.0
0.0606060606061
0.0
0.0
0.0625
0.0
0.24
0.075
0.2
0.166666666667
0.0833333333333
0.037037037037
0.0
0.214285714286
0.0
0.222222222222
0.142857142857
0.125
0.0
0.0333333333333
0.0
0.0588235294118
0.0
0.0
0.0
0.0
0.166666666667
0.0
0.0625
0.0
0.0153846153846
0.0625
0.037037037037
0.0
0.0
0.166666666667
0.0
0.0
0.0666666666667
0.125
0.15625
0.518518518519
0.0
0.157894736842
0.0
0.0
0.0526315789474
0.0
0.0526315789474
0.0
0.260869565217
0.153846153846
0.107142857143
0.1
0.0625
0.047619047619
0.0
0.0384615384615
0.119047619048
0.0
0.222222222222
0.0769230769231
0.0
0.0212765957447
0.0
0.0
0.0
0.0625
0.0
0.222222222222
0.0
0.0909090909091
0.166666666667
0.0
0.1
0.0
0.027027027027
0.0555555555556
0.2
0.0
0.0588235294118
0.0833333333333
0.0434782608696
0.0
0.0769230769231
0.0
0.0434782608696
0.0
0.238095238095
0.0
0.0740740740741
0.0526315789474
0.142857142857
0.0
0.0285714285714
0.0333333333333
0.181818181818
0.0645161290323
0.0454545454545
0.047619047619
0.111111111111
0.0
0.171428571429
0.0714285714286
0.0909090909091
0.0952380952381
0.28125
0.0625
0.159090909091
0.0196078431373
0.130434782609
0.0149253731343
0.047619047619
0.0454545454545
0.205882352941
0.0
0.0
0.0
0.0454545454545
0.111111111111
0.0
0.0
0.0
0.0
0.0909090909091
0.12
0.0
0.0
0.0416666666667
0.25
0.0
0.0416666666667
0.0344827586207
0.153846153846
0.166666666667
0.2
0.0
0.166666666667
0.0384615384615
0.0666666666667
0.125
0.0
0.176470588235
0.0344827586207
0.0
0.08
0.0952380952381
0.1
0.0344827586207
0.0
0.0322580645161
0.230769230769
0.0
0.0
0.0
0.0588235294118
0.0
0.166666666667
0.125
0.0357142857143
0.09375
0.0588235294118
0.0333333333333
0.0
0.0487804878049
0.0
0.0232558139535
0.037037037037
0.133333333333
0.02
0.0
0.0
0.0
0.136363636364
0.0714285714286
0.0
0.0
0.272727272727
0.153846153846
0.0
0.0454545454545
0.0
0.0909090909091
0.0454545454545
0.142857142857
0.0344827586207
0.105263157895
0.0714285714286
0.047619047619
0.0
0.0769230769231
0.0833333333333
0.0
0.105263157895
0.105263157895
0.0
0.0
0.0
0.0384615384615
0.0
0.0
0.0
0.210526315789
0.0333333333333
0.0714285714286
0.0
0.0
0.0
0.0
0.222222222222
0.05
0.0322580645161
0.117647058824
0.1
0.12
0.0277777777778
0.0769230769231
0.0
0.15
0.0416666666667
0.0
0.0
0.151515151515
0.037037037037
0.047619047619
0.0434782608696
0.173913043478
0.0
0.0
0.0952380952381
0.047619047619
0.0714285714286
0.0
0.0731707317073
