0.0712025316456
1.10655737705
0.277777777778
1.27016129032
0.640822784811
0.758426966291
0.392441860465
0.28125
0.323275862069
0.379213483146
0.9
0.462328767123
1.8
0.473684210526
1.73076923077
0.46875
0.87890625
0.418882978724
0.678879310343
0.1875
0.137195121951
0.234375
0.587686567163
0.177631578947
1.09056122449
0.241071428571
0.713028169013
0.14802631579
0.770547945206
0.894886363637
1.34232954545
1.04464285714
0.687499999999
0.338855421687
1.125
0.703125
0.624999999999
1.44230769231
0.881024096385
0.667372881358
1.36607142857
0.860969387756
0.288461538462
0.321428571429
0.937500000002
0.241071428571
0.815217391305
0.962171052632
1.78353658537
1.328125
0.208333333333
0.949675324675
1.27016129032
0.173969072165
0.735981308409
0.640822784811
0.370879120879
0.63788659794
0.289948453608
0.675
0.677083333331
1.16168478261
0.505617977528
0.255681818182
0.355263157895
0.316011235955
0.703125
0.949675324675
0.9
0.125
0.087890625
1.125
1.21621621622
0.276639344263
0.871478873241
0.370879120879
1.0
0.523255813954
0.815217391305
0.274390243903
1.97635135135
0.152027027027
1.7578125
1.62259615385
0.784883720931
0.818181818185
2.88461538462
0.0556930693069
0.288461538462
1.55585106383
0.767045454548
0.261627906977
0.190677966101
4.0
1.26275510204
0.960365853658
1.44230769231
1.14130434783
2.08669354838
0.453629032258
0.1171875
1.25932835821
0.193965517241
0.474397590362
1.21875
0.803571428571
0.453629032258
1.55769230769
0.248161764706
1.09141791045
0.0986842105262
0.0839552238805
0.882352941176
0.154109589041
0.745481927711
1.875
0.624999999999
0.407608695652
0.3125
0.165441176471
1.60714285714
0.0852272727272
1.4765625
1.40625
0.3375
0.114795918367
1.7578125
0.28125
0.251865671642
0.778846153849
1.02272727273
0.286016949152
0.0
0.326086956522
1.27232142857
1.53409090909
2.32336956522
0.244565217392
1.875
1.37971698113
2.4375
1.60714285714
1.55585106383
0.5
1.875
0.255681818182
2.20982142857
0.423387096774
0.132352941176
0.710526315791
1.44230769231
1.93359375
0.419776119403
0.368852459016
0.302419354839
1.34683098591
0.231164383562
0.362903225807
1.52542372881
0.267857142857
0.338855421687
0.318396226415
0.409090909091
0.681818181818
0.100446428571
0.29920212766
0.370065789474
1.96220930232
1.494140625
1.84821428571
0.263671875
1.34328358209
1.4217032967
0.532094594595
0.190677966101
2.66949152542
1.07712765957
0.146103896104
0.14802631579
0.453629032258
0.456081081081
1.42857142857
0.304054054054
0.152027027027
0.740131578945
0.163043478261
0.396126760564
1.75
0.3125
0.453629032258
1.875
1.5625
1.54233870968
0.915697674416
0.457848837209
1.92073170732
0.119680851064
0.484913793103
0.82317073171
1.37195121951
1.125
1.16379310345
0.387931034483
0.613636363637
1.02272727273
0.463917525773
1.1987704918
0.165441176471
0.0749999999998
0.675
1.30813953488
0.335820895522
0.671641791047
0.292207792208
0.108173076923
0.511363636364
1.5625
1.28289473684
1.78571428571
0.419776119403
1.92434210526
0.859375000001
0.463917525773
0.3375
0.0781250000001
2.625
0.860969387756
1.17537313433
2.38347457627
0.925632911391
1.95652173913
1.90848214286
1.66193181818
0.496323529412
0.213607594937
0.375
3.65625
0.523255813954
0.25
0.270432692308
1.40625
0.239361702128
1.15056818182
0.446428571429
0.436893203883
1.9125
1.875
0.306818181818
1.58653846154
0.210280373832
0.3125
0.45
0.288461538462
0.296052631579
0.229591836735
1.10054347826
0.0
1.20535714286
0.0
1.08664772727
0.540865384615
0.608108108108
0.775862068967
0.3125
0.52734375
0.0
0.140625
0.330882352941
0.0
0.200892857143
0.152027027027
0.421875
0.827205882351
0.99798387097
0.654069767439
1.03125
0.456081081081
0.667372881358
2.25
0.383522727273
0.45
0.411585365854
0.0
0.137195121951
0.793269230771
0.624999999999
0.216346153846
0.444078947369
0.45
0.3375
0.551470588236
1.21621621622
0.119680851064
0.5625
0.28125
0.912162162161
0.1125
0.152027027027
0.330882352941
0.740131578945
0.444078947369
0.306818181818
0.749999999998
0.267857142857
0.714285714285
0.9
0.714285714285
0.762711864407
0.554577464789
0.511363636364
1.4802631579
0.241071428571
0.672554347824
0.344387755102
0.511363636364
0.216346153846
0.208333333333
0.25
0.267857142857
0.973557692308
0.715909090911
0.405927835052
0.3125
0.28125
0.318396226415
0.0
0.618131868131
0.411585365854
0.296052631579
1.82432432432
0.114795918367
0.820312499998
0.181451612903
0.413602941177
0.259615384615
0.3125
0.0
0.904017857141
0.366847826087
0.296052631579
0.496323529412
0.200892857143
0.0
0.216346153846
0.0
0.504807692308
1.125
0.362903225807
0.0986842105262
1.09141791045
0.366847826087
0.511363636364
0.387931034483
1.35775862069
0.330882352941
0.104166666667
1.14406779661
0.0
0.330882352941
0.190677966101
0.267857142857
0.193965517241
0.25
0.305706521739
0.181451612903
0.396126760564
0.368852459016
0.140625
0.0839552238805
0.0969827586205
0.190677966101
0.579044117649
0.2109375
0.0745033112584
0.0
0.0413602941177
0.118421052631
0.172193877551
0.0
0.357142857143
0.25
0.286016949152
0.267857142857
0.0
0.441176470588
0.173969072165
0.191761363636
0.22804054054
0.196220930232
0.167910447761
0.259046052631
0.573979591839
0.160714285714
0.135542168675
0.146103896104
0.123626373626
0.3125
0.231164383562
0.255681818182
0.45
0.130813953488
0.110294117647
0.678879310343
0.36525974026
0.213607594937
0.371462264151
0.0907258064518
1.125
1.36363636364
0.546116504855
0.286016949152
1.265625
0.276639344263
0.366847826087
0.703125
0.955188679247
0.190677966101
0.264705882353
0.978260869564
0.261627906977
1.07142857143
0.239361702128
0.212264150943
0.301339285714
0.296052631579
0.661764705885
0.127840909091
0.442415730337
0.678879310343
0.760135135134
0.859375000001
0.54435483871
0.229591836735
0.542168674699
0.767045454548
0.772058823531
0.348451327434
0.978260869564
0.511363636364
0.1125
0.446428571429
0.114795918367
0.401785714286
0.421875
0.731707317073
0.749999999998
0.444078947369
1.07142857143
1.10655737705
0.28125
0.357142857143
0.556318681319
1.1402027027
0.104166666667
0.3515625
0.0
0.749999999998
0.553278688525
0.46875
0.292207792208
0.0
0.740131578945
1.125
0.794117647058
0.272177419355
0.160714285714
0.178571428571
0.715909090911
0.0749999999998
0.261627906977
1.58967391304
0.486778846154
0.193965517241
1.0
1.35
0.158450704225
0.429025423729
0.0
0.267857142857
0.0
0.703125
0.176886792453
0.652901785712
0.229591836735
0.239361702128
0.9
0.793269230771
0.803571428571
0.937500000002
0.2109375
1.07142857143
0.592105263159
0.445544554456
0.525
1.14795918367
0.503731343284
0.3515625
0.401785714286
0.3375
1.45833333333
