0.621023220956
0.670075985508
0.602909464013
0.819841939771
0.628535967506
0.803325485213
0.591784786251
0.54546294458
0.648886485057
0.591376304727
0.657241584698
0.551995476025
0.723337363199
0.735461974793
0.811151096317
0.623339272225
0.631028741847
0.610394760547
0.690923054319
0.473614331746
0.499906681186
0.564912668992
0.725492066491
0.603255495997
0.716689186762
0.53919645153
0.689582898253
0.567007730404
0.744535828812
0.682738703542
0.851165643981
0.655932678435
0.683870424062
0.705453468327
0.760844373288
0.633282705633
0.667251148435
0.722822275075
0.610908761304
0.864817019675
0.837519586241
0.690359904953
0.592976677647
0.64160550341
0.863027643652
0.485933662966
0.621949731222
0.731411811861
0.81325561166
0.814207649795
0.616965419211
0.686592542504
0.707144107672
0.508906976573
0.602579916588
0.720116937035
0.591552980622
0.70285682057
0.546831999073
0.702835696156
0.788749565559
0.751297696584
0.576420030727
0.56059020841
0.538006226105
0.59043737189
0.689811098576
0.677463353773
0.627563602499
0.509501942104
0.580572243899
0.829492485968
0.672464056282
0.587328916902
0.723259688032
0.592553511719
0.866733181699
0.549897350708
0.696808783048
0.555864808486
0.936966345633
0.535440429043
0.903616536994
0.786098078893
0.836174582055
0.745419343384
0.79895643496
0.539261942867
0.529046969626
0.738094897248
0.745296890959
0.456767427739
0.426543784042
0.964423568425
0.920764785258
0.776406140919
0.958848965841
1.0
0.920377362755
0.587692643037
0.507098098799
0.733821299836
0.501945804762
0.642119172895
0.881753380515
0.779270725911
0.501056067884
0.752066809431
0.66514852427
0.74962757186
0.457685650892
0.502172663837
0.86008763302
0.46660459426
0.750846386546
0.87502552558
0.589792763026
0.584606514741
0.642025460767
0.589926916328
0.898289835899
0.669847057743
0.885944287488
0.803792978124
0.581552877192
0.391073588894
0.926694938522
0.479631505171
0.678781268316
0.712054753627
0.827151052715
0.503312891605
0.457674717334
0.492809481328
0.845888159491
0.886218246891
0.863447977349
0.54172060707
0.913572468956
0.868649304823
0.937678599666
0.877524683377
1.0
0.638022677027
0.932777264794
0.461011992678
0.932617938639
0.596464302983
0.469541660404
0.807352905639
1.0
0.962061369509
0.761644296769
0.688505113028
0.551664909259
0.829814986924
0.59885752409
0.807394944969
0.909293154579
0.535565714991
0.708328390297
0.629837598102
0.708431902604
0.86245255512
0.752508859477
0.646810260416
0.749524772032
0.90864760766
0.875100562767
0.965393271575
0.450948176434
0.939530322362
0.93318971434
0.646515969768
0.541885425455
0.969310155813
0.820611378286
0.554509847506
0.62947486714
0.748219393493
0.710124862505
0.828802689026
0.615070064655
0.564028219826
0.635047637283
0.520733284749
0.573062618281
0.924069331549
0.575119022021
0.571578703969
0.861879573007
0.56091752399
0.821387901537
0.706039316686
0.621322572754
0.876161702392
0.57114181395
0.610328759503
0.842234253725
0.632976867539
0.775173346635
0.844818484232
0.717072322391
0.675717054184
0.942398809122
0.936019228583
0.75660155913
0.60735672959
0.497840027055
0.659334163246
0.797935407728
0.689431051547
0.794430877852
0.635064994375
0.555824140297
0.707824169259
0.771276015247
0.826283999297
0.878555853566
0.592498499609
1.0
0.785293819295
0.648341578207
0.450613117148
0.573783764003
0.832519756968
0.824257371823
0.86144214788
0.960191463521
0.897705701544
0.813801912073
0.808347078463
0.888111332694
0.677821167797
0.539600700092
0.545950449261
1.0
0.812399528814
0.533119208393
0.621307729637
0.860971278004
0.476502276645
1.0
0.547776772767
0.712983706192
0.942018258208
0.94792355207
0.46769751714
0.687880186983
0.594583699024
0.846807972097
0.78844661659
0.754513882801
0.646122911918
0.479963617246
0.751485179617
0.519166917592
0.968443537779
0.385104112552
0.921523675133
0.640963237688
0.710060507933
0.724353097
0.468482469625
0.594226703466
0.527721420411
0.458898405068
0.551325114786
0.539359202339
0.530727881114
0.475997503607
0.690639538985
0.701114215984
0.798867334593
0.764387904831
0.83878288186
0.869885163727
0.650056927093
0.871406639322
0.568081700776
0.528896986971
1.0
0.424268489132
0.526706061742
0.75786283845
0.937744848574
1.0
0.581752985182
0.69113256033
0.718591550365
0.85556724384
0.811275211463
0.515609170511
0.658676546281
0.645110053683
0.786373571215
0.577600814401
0.499418434125
0.579512821884
0.813153300556
0.547302969514
0.62637374291
0.807765827587
0.627466160694
0.960166733626
0.733473311769
0.651120219291
0.823280034963
0.692341893928
0.630394672491
0.930160441545
0.597778515293
0.834896226562
0.640131351437
0.556008614085
0.647146814744
0.511581513632
0.603250833031
0.466888120199
0.790684692172
0.700434356799
0.740223456153
0.565113162568
0.504185733573
0.523198389781
0.426551643051
0.874623713346
0.701114271385
0.507565393087
0.836158623358
0.490809832849
0.76378596594
0.649015390528
0.595355326315
0.562897603598
0.591973443597
0.449742021262
0.80191805649
0.683345200146
0.533962501827
0.849786271158
0.349282993081
0.235224974609
0.497172888758
0.61155062065
0.929655341116
0.816855947717
0.621108408433
0.436728643084
0.751093114705
0.729615619647
0.660910278147
0.710524840255
0.837283877005
0.501458596183
0.514719788891
0.769165653246
0.60365454179
0.749331261885
0.575645959993
0.863727498489
0.543328409681
0.757479453887
0.643279693422
0.564826142827
0.746913451954
0.684693537724
0.646905042628
0.64292027792
0.683122844397
0.633597296787
0.818467285287
0.657010089525
0.672440996521
0.598583898217
0.620773222602
0.650567259144
0.796330901671
0.412961672693
0.74382138937
0.716041840392
0.617315922191
0.593883486218
0.554666113373
0.666818418362
0.680868951095
0.647221560285
0.578135957952
0.660728577345
0.458902776294
0.826228205057
0.800337991726
0.770243684507
0.580945350071
0.627500390392
0.636033938112
0.589229422145
0.646351113937
0.732524877835
0.692208521186
0.847714366075
0.623878939369
0.66038477358
0.741091678658
0.519609585527
0.702131163231
0.426437963346
0.674104654544
0.706706725025
0.85080078034
0.617355942276
0.840834683733
0.635888372811
0.581721877845
0.965694602622
0.696992342391
0.500580774126
0.798404514793
0.774798276287
0.722679102591
0.767948980918
0.602074300482
0.702249973897
0.764162861037
0.879417894228
0.751932256417
0.397511609142
0.786305021178
0.769415373648
0.741328922225
0.746278913655
0.61057323237
0.538759471035
0.725368864362
0.845386937261
0.818726258086
0.607547699133
0.784789888854
0.721904622806
0.558405995412
1.0
0.584843605926
0.513983133539
0.598041651482
0.869004325797
0.786149052628
0.514617300379
0.75756718093
0.798479825103
0.751833829757
0.624907473957
0.659676982752
0.725136414637
0.499119041365
0.862124589452
0.5
0.725531565754
0.763201505333
1.0
0.667698008366
0.379602841571
0.605169789239
0.853381451178
0.758132883819
0.702478693615
0.426141906893
0.615507358122
0.655195089793
0.607001622576
0.514351366116
0.813073770046
0.732487134078
0.651870028434
0.838702477586
0.78428142522
0.436722599172
0.786670097116
0.362705881969
0.577984860773
0.533323243696
0.797374444306
0.807622652803
0.792366212777
0.651648435453
0.52850773076
0.775027791218
0.752680909517
0.460960999084
0.714447073891
0.885910885529
0.84287812267
0.960693666314
0.748358100278
0.764479603124
0.797758075474
0.827589567861
0.794917047542
0.580576940065
0.519086225349
0.748028839017
