0.622005428004
0.695998744084
0.648094956369
0.850092545359
0.701642016643
0.845629741719
0.621878045784
0.638871619344
0.696551520451
0.597257255338
0.780006432525
0.582817096641
0.848340510124
0.78916503815
0.854139083817
0.716991178571
0.761643526048
0.671162074405
0.761175498486
0.663041043539
0.546995959316
0.66164367724
0.772434860677
0.633768847834
0.775878518981
0.60787611494
0.838107666743
0.689904417111
0.807486294836
0.787437453373
0.895116372781
0.770543275735
0.73870428581
0.695452910726
0.840098328138
0.758080079939
0.773961974207
0.814654028032
0.736303783778
0.843908459001
0.873940890882
0.788934143065
0.715726179642
0.58519971685
0.903942907215
0.621504534899
0.743871767047
0.800344919831
0.856933626328
0.865042662489
0.683538878619
0.831861830369
0.808619752245
0.546035156476
0.731547349924
0.749198249592
0.640790600387
0.743470209144
0.654592926516
0.808320041243
0.822778302097
0.787819632979
0.654039488951
0.635101204024
0.633615876246
0.676168787088
0.755364943242
0.826343185301
0.679692220068
0.530205240111
0.692908457506
0.851462289418
0.788779223609
0.669977502481
0.784209155266
0.700586982393
0.902082816318
0.608763768534
0.801968207786
0.637049509929
0.944497660494
0.680842663085
0.914973923168
0.882649940858
0.818005206116
0.869096867631
0.835788853952
0.669693428568
0.586264176391
0.870459574638
0.787880611287
0.604527226944
0.573330905593
0.985501461985
0.888187172121
0.926981923812
0.925387361575
0.974770708949
0.93958135497
0.671978964373
0.591926613711
0.889641447992
0.575673695404
0.748784413373
0.926046062639
0.880007056903
0.696738660824
0.889487244008
0.724006542194
0.825711880382
0.577032164715
0.550900329168
0.825580879526
0.681610588093
0.819013291677
0.945972408311
0.736382652534
0.63945987956
0.660909364112
0.658184979749
0.933029745452
0.722702059562
0.959629347555
0.89283174002
0.710247631445
0.521893943748
0.962233882968
0.612793503015
0.773955440062
0.780693589689
0.905236834425
0.556073293578
0.588367957624
0.596637230866
0.892654164976
0.907585078061
0.950249491325
0.7032620131
0.912100092425
0.861786053381
0.964990048482
0.941749394128
1.0
0.685237839444
0.929492563427
0.622816152081
0.982633283089
0.630915677303
0.697225457443
0.857233188067
0.973026098248
0.981504371954
0.801754696223
0.749346367694
0.643844945769
0.9007520732
0.681153249372
0.780050857823
0.963194091748
0.652068733938
0.72491681965
0.715242871823
0.703898102208
0.814780180423
0.729262864266
0.700495713228
0.760778983068
0.94628326067
0.912159856636
0.980229933417
0.579238096923
0.985019501809
0.937444278553
0.742977926157
0.743685399693
0.98150086396
0.883864786194
0.643079449026
0.761877859102
0.78505482865
0.805010677151
0.874408162914
0.595504184501
0.673021854362
0.72389086964
0.624970636664
0.605683443083
1.0
0.734525259903
0.65656486816
0.886065631508
0.793622851424
0.924892253619
0.742385220768
0.667162952058
0.910712916184
0.655462946038
0.784943475499
0.906103817306
0.808787062779
0.863049177613
0.923747661957
0.732910400516
0.773910524691
0.991048225348
0.938340052599
0.830353911901
0.658507709594
0.642969484614
0.759367034909
0.869380932509
0.806508721218
0.868932890347
0.631993268006
0.653494350069
0.834147228977
0.854127818949
0.889763709711
0.927054023994
0.723906868923
1.0
0.949155163005
0.741762984376
0.584913138031
0.652020452547
0.911247144493
0.90127856092
0.911420295821
0.952732231972
0.930025362251
0.87477588407
0.862057603982
0.889965320432
0.684830526702
0.658310324353
0.683564321085
0.982035434156
0.887803437123
0.642465897069
0.574752743378
0.879849352841
0.544207404109
0.974465735612
0.656361113378
0.77467740393
0.969335938663
0.974151904112
0.637278351574
0.842666454919
0.69470236857
0.869902183393
0.809422145037
0.760800608772
0.711251132382
0.741395523658
0.773179894141
0.627440854336
0.957555292144
0.51641136251
0.968753601029
0.695523123008
0.820606026919
0.771051276622
0.629479611894
0.638449473831
0.595955095881
0.626542640595
0.721933169775
0.642796866967
0.671624309952
0.604655158307
0.722557075433
0.734252380924
0.828300419635
0.809373605669
0.886054760799
0.869278293661
0.784100873907
0.896077881527
0.691929923607
0.600053044157
0.92647551049
0.598946315132
0.781863438806
0.816638002107
0.876041502066
1.0
0.679552385734
0.7224662575
0.659327904903
0.870462365011
0.811569804256
0.634552364525
0.744356788278
0.711765229846
0.765167300998
0.645480431477
0.572815806733
0.645292546103
0.882871121234
0.623290879477
0.708073939876
0.766160030136
0.645228938895
0.958249042012
0.778317913543
0.771426376894
0.868027318427
0.744352856363
0.687291320455
0.858135943056
0.685644267624
0.905351586162
0.77183679401
0.743847484519
0.604654638289
0.521280332421
0.534913543065
0.672997772255
0.883874852596
0.78281930571
0.807616889583
0.788749170317
0.561147580979
0.641700510275
0.455500505215
0.870924169035
0.744288625709
0.63177447352
0.887624730093
0.529869077515
0.794760951859
0.73564716622
0.665049225921
0.73382224688
0.666898922336
0.656217257279
0.844785233298
0.726587063911
0.754447959967
0.790017564923
0.560697029581
0.482209655893
0.601851298009
0.640567237095
0.94509543978
0.775921834106
0.67387620815
0.542465618409
0.779306353063
0.83706895861
0.72043310605
0.839615475373
0.897166393127
0.659546914704
0.695516116687
0.819752051505
0.619214428273
0.751086486966
0.553709294552
0.903595381003
0.624576986691
0.728742137115
0.695153828563
0.682015557622
0.767633168236
0.744888563206
0.742814822071
0.68311422072
0.721189065996
0.716548820371
0.853195034892
0.741783865942
0.711101852641
0.641166209697
0.704835003424
0.820161892127
0.792278837632
0.527581998376
0.804305284566
0.743767886047
0.669535303648
0.745210292305
0.677135310064
0.640386983277
0.773047442265
0.732227201998
0.721372050061
0.762360830321
0.698269699375
0.848116900971
0.82191104397
0.761729871795
0.723152935631
0.695132668468
0.747853158157
0.647155267885
0.811916908527
0.768632902721
0.78212671345
0.701892866539
0.648534766566
0.745010736821
0.823302665407
0.637837713647
0.765975609421
0.526076651599
0.776541978102
0.858608204436
0.842080312923
0.637961766502
0.911037613837
0.687777559431
0.693938326391
0.925650858667
0.76791942551
0.658823573085
0.826089160271
0.845081026257
0.71983453178
0.82498394061
0.70763788736
0.841860574059
0.848959608352
0.907825082067
0.882638221547
0.569539025827
0.846120546096
0.785934039625
0.772369849453
0.869004350935
0.637027231517
0.693469155428
0.76906099063
0.874443294475
0.883118862074
0.69450961095
0.813062695666
0.846447374499
0.745683696797
0.923738958891
0.685718696461
0.615227460202
0.640196972329
0.908258459003
0.775926958231
0.676229891016
0.8093518816
0.839260362978
0.759843240727
0.707961532956
0.748098209455
0.801892298203
0.617452822852
0.738770179558
0.5
0.755219203444
0.760595073611
0.767498625789
0.820689843623
0.568290335938
0.710111383188
0.912561281047
0.81867060512
0.716146802239
0.517569105324
0.680767355714
0.742432925417
0.595960471109
0.658477199826
0.86890581862
0.829704037176
0.788503400824
0.846316281286
0.850287040793
0.621185005514
0.828236440745
0.500331969803
0.633596691178
0.564668822438
0.851833169158
0.859466680198
0.855631906946
0.75237326643
0.644586313709
0.811822066784
0.823158096512
0.625123067713
0.786965015014
0.918521495113
0.870688618764
0.940896345018
0.757517920831
0.794640742658
0.850718793798
0.851701470247
0.762020484285
0.688246990979
0.65373132334
0.82014321748
