0.805899083423
0.824244916453
0.880781964773
0.941988250156
0.89286939461
0.935626315073
0.822270412803
0.875032114271
0.855107981781
0.855858774354
0.883060107056
0.859577993577
0.910067822281
0.912067072957
0.902857087435
0.880194014442
0.868432636552
0.872174833814
0.886317435192
0.817191564861
0.77362777188
0.845771855735
0.911582252044
0.882821096471
0.91090196746
0.811980902797
0.92232204758
0.779421634395
0.946125475577
0.91337309785
0.959574639415
0.876883078651
0.894350914782
0.848749047065
0.939541317576
0.887506115662
0.833020590084
0.914894710515
0.85683648183
0.919835117994
0.946698241027
0.884952360634
0.865944619767
0.858500478535
0.948580459813
0.795115535498
0.896367033914
0.925182682649
0.891776170269
0.94039620701
0.9335210466
0.910446989361
0.895665491575
0.82088643836
0.88547893074
0.931067555458
0.785645055915
0.904263985146
0.804290335002
0.913108403619
0.936898784673
0.928372875453
0.841501639419
0.831113542766
0.811227817168
0.854042796299
0.892872380922
0.915257898331
0.86571659025
0.696097525866
0.872127282823
0.952364470866
0.889411685761
0.78631344147
0.88921236212
0.884171488304
0.943751684437
0.809477863359
0.924149036797
0.823886641731
0.968689658473
0.861211678046
0.966462111448
0.941568889663
0.887958921202
0.9339427447
0.933341846582
0.912802141593
0.805054495755
0.926878041372
0.920616362851
0.79580628842
0.660710888038
0.999426760315
0.970210866651
0.928549058173
0.991975844799
0.994098628824
0.956145765409
0.84660991494
0.890813702425
0.932119631312
0.749279162472
0.894196045978
0.943518433525
0.929699041879
0.738239938701
0.924845894112
0.834430456759
0.878655487183
0.705329685922
0.789202854353
0.915320269772
0.80626904502
0.910078641052
0.944271287671
0.83145216081
0.853340532446
0.787769858087
0.84779584062
0.961564442766
0.861199285742
0.969634965194
0.941084535442
0.815475887844
0.595977199499
0.976088990807
0.748259877798
0.833722174395
0.873947683609
0.957866095291
0.788816409081
0.739312325858
0.743291707692
0.936505550899
0.950535588401
0.972420524028
0.863594870608
0.965986208407
0.899163395511
0.987291548246
0.954544390425
0.983783068357
0.825422912273
0.98338407311
0.821525072975
0.980545650916
0.812994813077
0.902752816234
0.951437793827
0.999631602395
0.983195366197
0.88063755959
0.895237545631
0.814010347027
0.959355847388
0.803945606174
0.91273387898
0.946262834337
0.84982205797
0.912929824011
0.853156916511
0.860414123174
0.880855828349
0.953789563315
0.904509895653
0.915420476966
0.974956473524
0.952395078539
0.959272202261
0.706700034002
0.992952085851
0.968161795761
0.851346032777
0.750563290821
0.985485487799
0.913942716633
0.869782492315
0.881433605131
0.888575403067
0.898606673133
0.934517572605
0.795928237235
0.818097542882
0.735942254006
0.787968069574
0.768351776481
0.976216890693
0.880394282753
0.781674811518
0.974114973472
0.917164858968
0.968831940617
0.871771500431
0.907617730821
0.947220934774
0.831169917342
0.884219998459
0.978259711185
0.855219337599
0.89131015723
0.946465152274
0.834220615077
0.813332367084
0.967139792963
0.971895908563
0.847918043976
0.623794789756
0.774785843215
0.890319298624
0.89047072964
0.895909271138
0.965351654818
0.800053142551
0.813451780931
0.924772278391
0.933362477162
0.909114230482
0.977932022206
0.824473689022
0.986406990936
0.951477284859
0.868778125638
0.722566904765
0.840512260703
0.984927265672
0.925928960157
0.96610569219
0.975206023694
0.974014388776
0.920405923178
0.913321869792
0.92120382898
0.842664025024
0.799760951593
0.746422540588
0.997482045498
0.92829167402
0.815871040211
0.857013568991
0.962886453412
0.805442026659
0.997822530854
0.850055477798
0.925319308165
0.994506050495
0.982425325535
0.757979992653
0.88800106224
0.880946007512
0.938950797158
0.910557815572
0.889667028166
0.827325555592
0.866998362272
0.934430243032
0.875629018844
0.993984361301
0.71748693227
0.981131121823
0.86435792991
0.844546566825
0.752883481442
0.555620574277
0.793476117147
0.820581965178
0.517900704055
0.792932021953
0.852766046302
0.775279214659
0.812437692339
0.881510796335
0.761145499092
0.905718230958
0.91772877893
0.915960357399
0.957252320486
0.846055327356
0.929245257688
0.798752501122
0.780656635209
0.969982151881
0.686005024278
0.856154616273
0.950047347507
0.933739976866
1.0
0.898730252145
0.868191824072
0.809665864358
0.968545629502
0.919500984397
0.828385451866
0.836681659243
0.886665996719
0.857424433803
0.803984017853
0.67782976726
0.80290621184
0.891889841238
0.846305466311
0.804234708847
0.856504137276
0.690053912997
0.999696549825
0.933199580304
0.890728224558
0.964636741578
0.906771176597
0.837095844341
0.89632225698
0.827236982261
0.952572061005
0.856678078994
0.760593212522
0.671769214985
0.714479347604
0.833345739051
0.720676239179
0.942843089702
0.863840893548
0.880808567426
0.867829174638
0.69556502516
0.783558060756
0.701650247984
0.928085710927
0.90221737397
0.756548935782
0.936233232551
0.802636067029
0.856933233383
0.853590781636
0.836609569667
0.831889109311
0.718690707267
0.761164878592
0.915826013
0.848466087775
0.788171737764
0.868093566165
0.642843345745
0.714973333998
0.788504720537
0.732845091048
0.973672055635
0.925627935529
0.880115976992
0.693751009929
0.884054448262
0.91838209465
0.810628045961
0.94183035575
0.938311881154
0.8808437612
0.795394292543
0.866270636988
0.901123520932
0.909096997041
0.855376751272
0.995170998069
0.859303186226
0.851797802899
0.878643579042
0.825215044138
0.899093976562
0.866808329554
0.869733551865
0.837739419196
0.917031966875
0.909380105685
0.897002844751
0.896271728341
0.914294815538
0.881320056322
0.929303183373
0.881809342902
0.912866821869
0.68457463781
0.882772663959
0.899358362762
0.782200720178
0.847002694051
0.840255109977
0.841803043488
0.945458249841
0.861223860388
0.774504570092
0.90935170481
0.906815109837
0.938710357512
0.975173461069
0.867829217606
0.885301149177
0.820273704885
0.887377448185
0.844139341017
0.837322659724
0.861279680628
0.887062417642
0.900634205514
0.874920577685
0.829498273345
0.856149119596
0.860427907699
0.920547594169
0.741177562379
0.834467453768
0.914777882843
0.949492701248
0.914023749328
0.95995650832
0.812524554154
0.783878856962
0.976542002331
0.888795505082
0.774579309607
0.910387398844
0.945399345473
0.901043839775
0.895171031363
0.863905008709
0.932046551806
0.92615598739
0.98062557118
0.943782390375
0.697701728704
0.948340255948
0.895245600158
0.84744528643
0.908147081285
0.78855246775
0.878900422506
0.896247033134
0.947966116073
0.941266556284
0.903172299992
0.940420271406
0.933090718134
0.817939071145
0.943193880095
0.719826211314
0.755847289611
0.83387797276
0.98393238093
0.887598973349
0.798930074932
0.886382591535
0.887269006031
0.870661615529
0.889154088603
0.922102760001
0.917683259975
0.785610285385
0.787120948858
0.5
0.876325207984
0.891404944338
0.938737001253
0.868079856485
0.593277314512
0.840566797817
0.93265451916
0.934149572739
0.891389731401
0.626843713571
0.897097247944
0.918450373839
0.821533532933
0.705684666019
0.900504610185
0.926146512949
0.845097835511
0.910342949912
0.904159509786
0.842609010134
0.9508873093
0.704177655373
0.850011334706
0.739875305499
0.907874734687
0.962539365056
0.95151751764
0.876395375263
0.80682512154
0.924248915389
0.915309268512
0.82085359793
0.880970835925
0.938441972501
0.921104153644
0.982694198351
0.901779670377
0.932808245469
0.930417624798
0.930295680329
0.823032326979
0.832622352902
0.786522930263
0.841976185755
