0.507295094544
0.618625221532
0.546880684064
0.807066860588
0.618007364877
0.79046937313
0.499764690209
0.553236351978
0.608952111567
0.505696898353
0.715482141017
0.491728875909
0.791727067958
0.729763091733
0.817513270938
0.632004105371
0.698169183757
0.599078275102
0.696422298725
0.553609147983
0.442801238239
0.542818823115
0.695850678381
0.539362109577
0.705936920052
0.519407147649
0.764413996278
0.582450323476
0.751967294221
0.717084865574
0.852891080103
0.700066306301
0.664928406825
0.625682647686
0.7865992471
0.687085768999
0.711223201536
0.784894518186
0.666757567366
0.795067320764
0.826981416276
0.720660699044
0.625301128394
0.505549962827
0.872266594672
0.527157876499
0.670718809728
0.744237565891
0.81000713781
0.836570347799
0.594718349522
0.781656275951
0.755192238518
0.416533089779
0.639521489686
0.691071400121
0.550736866119
0.659577758996
0.544608392087
0.773521347475
0.768224005996
0.725659448902
0.572738959214
0.531877771121
0.534787281427
0.59270540756
0.677491455634
0.771646841941
0.619201648043
0.431404900681
0.573303342109
0.80207187876
0.732343214398
0.578470710447
0.734141578105
0.622576755
0.894448053328
0.511626692489
0.756476601308
0.537960673308
0.935845740534
0.574734065379
0.886335475772
0.851086611268
0.807778125266
0.84034295618
0.811803669587
0.605147059123
0.493545541776
0.839565380621
0.724263820546
0.509976261464
0.464487841733
0.984292309602
0.873001890808
0.892802406112
0.892841573811
0.962028480985
0.911582587423
0.573126713993
0.484889228692
0.845183863496
0.457287400373
0.67926097168
0.903729515834
0.846381305103
0.641988699712
0.852194766376
0.655072058476
0.780689906606
0.527882209645
0.447205517795
0.777184841769
0.610553107886
0.771972369699
0.932753866971
0.65254733599
0.561432936171
0.600728466425
0.565406503751
0.914961402512
0.665466213158
0.939695400532
0.865877166553
0.641536052013
0.40679944484
0.950580345531
0.526295370269
0.705429705156
0.743252320299
0.859430874336
0.46594951377
0.446276166771
0.509501459868
0.866626943523
0.897741152667
0.933309139962
0.588581164008
0.889911198587
0.829892891695
0.957753483428
0.920577335865
1.0
0.631567452257
0.914234865834
0.543337499751
0.973547268499
0.53671654821
0.579539913101
0.822159639495
0.974398327608
0.976261740043
0.771000876285
0.676468786905
0.542715860531
0.874460826452
0.572317240131
0.744573309128
0.948001883227
0.551042695005
0.666298077232
0.663710609582
0.658173292246
0.76054775145
0.677924860001
0.612978009841
0.697311812074
0.919075597389
0.880580770745
0.975046475391
0.489797706602
0.976381284219
0.911416717221
0.663978888593
0.648883694293
0.97519641268
0.848604054352
0.55999461208
0.653749444166
0.728821180276
0.768214630981
0.838520730169
0.492965835434
0.595538770054
0.67864867723
0.52188708495
0.48523478964
1.0
0.661880591207
0.571104388051
0.85245622758
0.751692900867
0.903016745489
0.724283461841
0.578445238089
0.887599509271
0.571585731533
0.708442301383
0.87306645562
0.763795617736
0.829603177144
0.90914063075
0.672772335124
0.702823981581
0.978446779882
0.919592442858
0.789777735429
0.614658958909
0.524625714579
0.696163272956
0.845253969837
0.733946779842
0.820107628748
0.558443586194
0.587990384078
0.768807183413
0.851588491222
0.859304764162
0.903130424323
0.64765370251
1.0
0.909020741693
0.674834953628
0.471985299851
0.560462654759
0.904569080714
0.872603967593
0.883825245507
0.934978128163
0.897863246056
0.852837270715
0.824153505731
0.861581791628
0.588753336595
0.580792833953
0.589753109664
0.972961701724
0.878201374022
0.538343865509
0.514121972862
0.836200039071
0.448330584244
0.974093015975
0.574821931388
0.707071672611
0.957246711332
0.961890438149
0.52519907639
0.809375802638
0.600778257453
0.823972231231
0.76092508947
0.662933824859
0.629891828474
0.605303165685
0.702831016833
0.458044162182
0.938773665992
0.424377111736
0.953652573457
0.593167001237
0.765538925291
0.697920487149
0.50674252974
0.5458258717
0.491868245988
0.508479233674
0.643380158465
0.531147426819
0.551513399048
0.501824212508
0.660667483869
0.69098700201
0.806217444733
0.766926565295
0.851104334064
0.832669275136
0.71321262972
0.865234268208
0.600611959505
0.545103885349
0.914903794987
0.465615878703
0.72555028789
0.757673847821
0.863964045921
1.0
0.615049275775
0.65503416678
0.576328678486
0.82892148124
0.757602277425
0.545379309273
0.707893588582
0.64390096009
0.718455135724
0.556283117798
0.480161636462
0.589322503194
0.824903936427
0.517622092783
0.639779431301
0.707417873695
0.583762400639
0.951440453997
0.728513673209
0.715701061929
0.821585953885
0.66924532725
0.602649964721
0.845718470199
0.598597463542
0.865409138285
0.724500661584
0.672381735606
0.518199952741
0.490613944507
0.467206064438
0.549235584354
0.843233299569
0.721523109779
0.745768727933
0.712603040069
0.526227177362
0.542873441665
0.350508459512
0.843015813434
0.676246808104
0.559680207227
0.860990769014
0.418301737121
0.730301822959
0.680148837853
0.574576969359
0.652978476955
0.573573523176
0.545206194581
0.804958593173
0.627897253649
0.666027464249
0.763222332339
0.481327096823
0.385428719766
0.524285650258
0.534285515406
0.91998152969
0.74550155546
0.581573344513
0.443812763634
0.707719044417
0.773158248421
0.651268171325
0.788636050853
0.875975755573
0.57748083682
0.570864802463
0.769846535809
0.478696253476
0.669616322206
0.457762100161
0.855120702238
0.529599382994
0.654944687649
0.609943880762
0.615711286411
0.712723530404
0.656770145412
0.677469022432
0.627003137261
0.684080081939
0.6293305772
0.808016285974
0.664677243271
0.626952433088
0.536929697248
0.606755669208
0.756353053062
0.765368008358
0.402118151597
0.724481394502
0.673827360486
0.5865712671
0.680146160436
0.583438209408
0.572684917662
0.682668784083
0.647796407318
0.62977753734
0.706211820763
0.611500381872
0.789050616757
0.756490557149
0.697822933877
0.635677991544
0.595169813638
0.658297407137
0.563884335499
0.717753763602
0.724124841633
0.729007059956
0.646512301904
0.572395514622
0.663691338225
0.771620761166
0.551534562002
0.69785742195
0.448429803864
0.704517828025
0.825661356552
0.817885790664
0.561429221535
0.876799722499
0.610248779488
0.620953896226
0.903947355202
0.710028449767
0.552477036269
0.776421658248
0.792274243058
0.655167428516
0.785690509831
0.632950411017
0.786532955288
0.798131280131
0.852871046807
0.842509770078
0.460759661812
0.79977517253
0.732497121104
0.743121165801
0.821065132506
0.567563059267
0.610122236462
0.736285378688
0.841292193186
0.83129987291
0.61310206622
0.761504221156
0.794389544654
0.649824289
0.91919140814
0.606310044455
0.539691101271
0.592970615679
0.882795094048
0.728432669266
0.58315811109
0.757926023651
0.81243118631
0.729646201952
0.6166138917
0.677034190757
0.744207621777
0.531104222523
0.686563405712
0.5
0.684845379296
0.731693009748
0.752658784835
0.752848348901
0.458227558185
0.651841783951
0.888992216182
0.75777244439
0.632553572516
0.433521557327
0.60515001964
0.708707826882
0.457984925744
0.591229759887
0.838902631893
0.781031309935
0.709946485616
0.826440978128
0.817488086612
0.500454119827
0.775697218596
0.406814163515
0.551084214733
0.468908606986
0.811574691737
0.818807683087
0.812449122702
0.666657684654
0.525493847857
0.774464306271
0.772924715053
0.53294368473
0.738733701894
0.8975376824
0.82821558983
0.927190539336
0.695786077997
0.754798352757
0.810819285979
0.820713426965
0.721925400586
0.611122179483
0.555053421668
0.765025268453
