0.622035031901
0.754298215569
0.693675534797
0.844890274427
0.763291683323
0.814044646928
0.689936791027
0.773949413078
0.711309410462
0.639567229573
0.801007860692
0.65457370552
0.810680595706
0.807170832237
0.864450887802
0.767043497906
0.774034512698
0.736452495238
0.779316610059
0.646447286783
0.640333132921
0.599758895246
0.775326992541
0.609163967652
0.810330898771
0.554313096899
0.809411370599
0.628856700359
0.80086175775
0.770353956961
0.902553068884
0.736329434005
0.759249930136
0.692789294811
0.847426060813
0.761960616502
0.723465998069
0.842959267339
0.72945457683
0.826519004573
0.865497477442
0.790937510563
0.660305269883
0.65120652065
0.899922422258
0.615859067981
0.785433501957
0.806066488407
0.818828862451
0.879425558
0.72130645091
0.803571089335
0.77402689885
0.612186445441
0.748293865459
0.768720971257
0.666013510743
0.785236924615
0.635760194856
0.777108970473
0.842927105204
0.814130743946
0.707126267748
0.63292796928
0.661244370773
0.649482571365
0.812008366027
0.825344873008
0.714996726902
0.521782683223
0.660702426712
0.8576739239
0.758046951867
0.642433276825
0.798365486998
0.732986022825
0.944816384499
0.609625990281
0.828342420209
0.601040892912
0.940617313395
0.571497703998
0.864289429609
0.877063016096
0.784080871338
0.813791607062
0.822329294826
0.646992996395
0.569214696557
0.87595282732
0.784435343441
0.516046871006
0.455274207068
0.980290346098
0.911136728947
0.832115039898
0.94127339004
0.953424877091
0.940151904784
0.680627487567
0.659473303009
0.864441388468
0.543087658662
0.712010811992
0.895514725348
0.831468653737
0.62456966842
0.83836888206
0.725864006854
0.806378701288
0.549155595102
0.531656785288
0.776791152954
0.633761019195
0.79050382912
0.917836622869
0.741811524132
0.571515761688
0.658189414632
0.630098222909
0.928021347594
0.664619630501
0.916031722605
0.870451409262
0.693834003728
0.533717902086
0.948393946309
0.572385499243
0.706811717448
0.762857962492
0.852522668681
0.501963848947
0.653673782206
0.542618610747
0.869775903699
0.903710988967
0.928711008444
0.636775729312
0.925687755484
0.835883124298
0.976911177717
0.909777673121
1.0
0.765214626094
0.940408892233
0.559725942342
0.966175682182
0.594275556912
0.531334321477
0.840091108564
0.98187575507
0.984306349556
0.819682177192
0.701943236062
0.599303198573
0.891455945586
0.609230116285
0.79287459204
0.937412407323
0.554059362558
0.693977597698
0.742129286723
0.762705175712
0.813869395823
0.691226650788
0.677999477959
0.731262688086
0.939095541162
0.871473168384
0.983559032868
0.569007328567
0.96992988298
0.952810876941
0.727834516565
0.684739084729
0.974292069707
0.841850550074
0.604451127181
0.640951125299
0.743768955661
0.822807050284
0.883255051055
0.564603751641
0.604839448847
0.6540973831
0.587220530026
0.571414641616
1.0
0.672206918517
0.598408309733
0.902324163957
0.796440386506
0.906679871034
0.861433339506
0.599681037044
0.899083682894
0.529625480891
0.730006337667
0.922648763646
0.782115268753
0.861696024268
0.899358920955
0.683042805234
0.665833553545
0.960540015205
0.927591516954
0.796738501587
0.655110570615
0.5495386869
0.714834743462
0.84471690386
0.78752260604
0.840489915372
0.601777371767
0.558820693438
0.855828546491
0.905944510607
0.869822577359
0.944158681157
0.656214473823
1.0
0.923824855848
0.70290766683
0.546296496385
0.533811064032
0.94709995264
0.85894102088
0.917683631324
0.93085056588
0.906372717701
0.864516872609
0.886869709342
0.885641952432
0.716502324273
0.664670275985
0.61572414135
0.985179592148
0.899795586165
0.654642871272
0.605191308558
0.868409044109
0.472459238004
0.981305146972
0.611640596367
0.703029381052
0.934786557958
0.972836771911
0.629232415095
0.833970371651
0.731643422125
0.897863762107
0.838704486821
0.792205915786
0.720654757252
0.66309248175
0.729000948647
0.543946889276
0.970384687529
0.600868059084
0.937946560258
0.7001770686
0.795000628397
0.643257903956
0.632790596712
0.696981075892
0.574317464511
0.600187483852
0.78406726917
0.586684747782
0.720413239063
0.664790962445
0.7187967217
0.776479068668
0.819195791849
0.829899089221
0.874647983613
0.852832506282
0.731515385684
0.903692775545
0.671357881139
0.632422540497
0.945019377233
0.612588976584
0.769293393036
0.81136099283
0.900972842063
1.0
0.646343207727
0.7756231345
0.691312678248
0.895338082856
0.86144552863
0.66796496931
0.799564200655
0.726955960598
0.779782082791
0.637321192028
0.563948836733
0.720647530941
0.87348133834
0.612091062951
0.686623690975
0.807593613151
0.662870028418
0.974773597124
0.854693319885
0.700214635958
0.919421139601
0.780358367406
0.69319926663
0.975059589766
0.725166402733
0.875081478863
0.721184884941
0.704854809633
0.633312966983
0.575179251626
0.664557666985
0.65420100714
0.868366013744
0.800196369781
0.758140452186
0.77937241033
0.606753603843
0.616336894867
0.611971657384
0.935366118042
0.714524864705
0.599921124128
0.847052707355
0.640669356751
0.823266261332
0.754439027867
0.788614776119
0.693955539928
0.667529270039
0.584037561609
0.781780367448
0.72805909288
0.703076371203
0.846866742644
0.631710846741
0.58906519011
0.602090999067
0.596588031761
0.950180696654
0.813652265173
0.690288528825
0.490556210131
0.781222260901
0.77593406217
0.769755434657
0.832589876808
0.897575426259
0.633247174356
0.645392285884
0.823504299678
0.664318910998
0.703637367668
0.625330523168
0.894016417097
0.69194835591
0.77612893642
0.708227323437
0.712978456965
0.752730237301
0.688351570104
0.795468688327
0.76208444606
0.702615090607
0.73068667519
0.838015416596
0.691046171115
0.694107561647
0.702063613128
0.750772277722
0.71950337391
0.848733610822
0.578207323811
0.721224501118
0.84217883984
0.690563035289
0.706093175888
0.695644236368
0.711245686624
0.766342099679
0.675671365103
0.617189809792
0.695398081319
0.6501055842
0.865677726527
0.840980412606
0.79060675421
0.787422322128
0.694302495599
0.73778318238
0.683756605146
0.783196906566
0.785979907282
0.793419634333
0.86411239093
0.686134167798
0.74448252463
0.81928047904
0.761024899207
0.776153171497
0.608023275011
0.804252206645
0.835380840012
0.821039865177
0.707466062738
0.905114805157
0.683488599586
0.700706493199
0.887684451175
0.796221086398
0.593833070849
0.761231833277
0.854885574418
0.758997497704
0.835073842436
0.751334839197
0.800744658424
0.814711539049
0.869531895176
0.835496337485
0.630005220914
0.794559297354
0.820447869753
0.734995824393
0.904871438022
0.651797585309
0.640694722791
0.800273845976
0.887288324331
0.824268132789
0.727613194549
0.814887874347
0.86026283754
0.627156325119
0.957856690072
0.613010960934
0.597177030262
0.698740656423
0.929879874993
0.817675511589
0.694276766497
0.804158927893
0.855592682246
0.855582043121
0.745411832444
0.749586729455
0.818836733384
0.611105127915
0.778381047456
0.5
0.768625216035
0.818924848039
0.807380004794
0.815039662608
0.61873423134
0.728849452295
0.8772623802
0.812612235066
0.724698807403
0.554369055406
0.752365566144
0.791100601687
0.666265876301
0.60184586274
0.890617471115
0.858393353057
0.762258124454
0.874435733347
0.925777988354
0.697492925376
0.816350326576
0.492671315407
0.67778942093
0.583512904875
0.879621298598
0.860059083502
0.831907046334
0.748107106898
0.663666506208
0.830065901247
0.855877293888
0.706527785045
0.788371410788
0.936180288851
0.878410533171
0.892579784324
0.825222397869
0.818035571405
0.846487409691
0.910491036711
0.836815866142
0.671892909532
0.671816544403
0.769692890381
